function output = CorrectBits()
% Message
%output = [1,0,1,0,1,1,0,1,0,0,1,1,0,0,0,0,0,0,1,1,0,0,0,0,0,0,1,1,0,0,0,0,0,1,0,0,1,1,0,1,0,1,1,0,0,1,0,1,0,1,1,1,0,0,1,1,0,1,1,1,0,0,1,1,0,1,1,0,0,0,0,1,0,1,1,0,0,1,1,1,0,1,1,0,0,1,0,1,0,1,0,0,0,1,0,1,0,1,0,0,1,1,1,1,0,1,0,0,0,1,1,0];

% GoWiLab
output = [1,0,0,0,0,1,1,1,0,0,1,1,0,0,0,0,0,0,1,1,0,0,0,0,0,0,1,1,0,0,0,0,0,1,0,0,0,1,1,1,0,1,1,0,1,1,1,1,0,1,0,1,0,1,1,1,0,1,1,0,1,0,0,1,0,1,0,0,1,1,0,0,0,1,1,0,0,0,0,1,0,1,1,0,0,0,1,0,0,1,0,0,0,1,0,1,0,1,0,0,1,1,1,1,0,1,0,0,0,1,1,0];

end